2.996616723218278877e-01 3.932680559444331481e-01
2.345392069417385483e-01 3.792206455876156457e-01
1.516580580969524028e-01 3.633319533393726819e-01
9.641213893340508378e-02 3.550064714429180257e-01
3.505228616719256451e-01 3.543569906388823743e-01
2.798932843777711121e-01 3.420355804783548059e-01
1.768465269009877605e-01 3.288763261399533788e-01
1.078866035383178462e-01 3.224146365127715796e-01
3.930330843633376148e-01 3.263205621625138719e-01
3.374544147457970711e-01 3.139575493498568681e-01
8.917437111059800525e-01 8.498644418979245385e-01
8.278936344595335672e-01 8.693396465837733844e-01
7.147319791052417770e-01 8.912165675618355376e-01
6.287807622625838366e-01 8.996610813291695541e-01
8.981581874974080559e-01 7.669307893315336910e-01
8.365595529761727933e-01 8.038005273339973167e-01
7.159568574997325907e-01 8.498383271405400841e-01
6.247606273760054618e-01 8.699004780632693112e-01
9.089808954537669239e-01 6.816153153648976115e-01
8.627230248883130947e-01 7.220014649890201808e-01
1.790672615943839086e-01 1.500560028058787465e-01
2.359054700321362441e-01 1.383714468221657612e-01
3.253904844776960847e-01 1.261333180149329380e-01
3.908650812233846472e-01 1.205040266864943616e-01
1.346131729637039531e-01 1.194538915414669611e-01
1.924555131353214987e-01 1.089388988334821506e-01
2.951805853484519293e-01 9.848186958938402735e-02
3.759693557876194192e-01 9.430237824854446893e-02
9.681378110839777840e-02 9.896622200712634765e-02
1.407495525147646476e-01 8.670885028066635525e-02
7.471412551225761201e-01 6.032593388619652552e-01
7.041010388626303129e-01 5.953871444869708318e-01
6.298489045454825908e-01 5.708575770081809608e-01
5.715638182669731115e-01 5.482125603099812228e-01
6.995786857130339431e-01 6.435539979027037338e-01
6.565813588544823221e-01 6.425741815769854259e-01
6.079085832151280844e-01 6.149682061437209413e-01
5.685201287167477302e-01 5.766608070293763877e-01
6.395279846342675212e-01 6.934481987082297128e-01
6.088789571729698036e-01 6.918833891269974279e-01
